{
    "nes": {
        "avg_rest_time": 5.2518730429832665,
        "general_notes": 183484,
        "pitch_averages": {
            "A": 0.08696226429753479,
            "B": 0.07667565320757355,
            "B-": 0.06991632416809752,
            "C": 0.09480930145830582,
            "C#": 0.05129320726278251,
            "D": 0.11928273418744319,
            "E": 0.08466253855536823,
            "E-": 0.04847293549113906,
            "F": 0.056180124464886454,
            "F#": 0.15148666392149854,
            "G": 0.07975231332209368,
            "G#": 0.08050593966327664
        },
        "rests": 29275
    },
    "ps3": {
        "avg_rest_time": 18.226799242424235,
        "general_notes": 7067,
        "pitch_averages": {
            "A": 0.07992947399353512,
            "B": 0.060828680575962385,
            "B-": 0.051131354687040845,
            "C": 0.0928592418454305,
            "C#": 0.11049074346165148,
            "D": 0.08228034087569791,
            "E": 0.05583308845136644,
            "E-": 0.04319717895974141,
            "F": 0.09550396708786366,
            "F#": 0.13987657948868645,
            "G": 0.13811342932706436,
            "G#": 0.04995592124595945
        },
        "rests": 1056
    },
    "snes": {
        "avg_rest_time": 1.9837979946197648,
        "general_notes": 57439,
        "pitch_averages": {
            "A": 0.09405009163103238,
            "B": 0.11997556505803299,
            "B-": 0.09292608430054979,
            "C": 0.09062919975565058,
            "C#": 0.033842394624312766,
            "D": 0.07547953573610262,
            "E": 0.09766646304215028,
            "E-": 0.039731215638362856,
            "F": 0.06922419059254735,
            "F#": 0.16219914477703115,
            "G": 0.09067806963958461,
            "G#": 0.033598045204642636
        },
        "rests": 12267
    }
}